#x y
0 0
0 3.92604e-11
0.005 7.84814e-11
0.01 1.17663e-10
0.015 1.56806e-10
0.02 1.95909e-10
0.025 2.34973e-10
0.03 2.73998e-10
0.035 3.12983e-10
0.04 3.51929e-10
0.045 3.90836e-10
0.05 4.29704e-10
0.055 4.68532e-10
0.06 5.07321e-10
0.065 5.46071e-10
0.07 5.84781e-10
0.075 6.23452e-10
0.08 6.62084e-10
0.085 7.00677e-10
0.09 7.3923e-10
0.095 7.77744e-10
0.1 8.16219e-10
0.105 8.54654e-10
0.11 8.9305e-10
0.115 9.31407e-10
0.12 9.69725e-10
0.125 1.008e-09
0.13 1.04624e-09
0.135 1.08444e-09
0.14 1.1226e-09
0.145 1.16072e-09
0.15 1.19881e-09
0.155 1.23685e-09
0.16 1.27485e-09
0.165 1.31282e-09
0.17 1.35074e-09
0.175 1.38863e-09
0.18 1.42647e-09
0.185 1.46428e-09
0.19 1.50205e-09
0.195 1.53978e-09
0.2 1.57747e-09
0.205 1.61512e-09
0.21 1.65273e-09
0.215 1.6903e-09
0.22 1.72783e-09
0.225 1.76532e-09
0.23 1.80278e-09
0.235 1.84019e-09
0.24 1.87756e-09
0.245 1.9149e-09
0.25 1.9522e-09
0.255 1.98945e-09
0.26 2.02667e-09
0.265 2.06385e-09
0.27 2.10099e-09
0.275 2.13809e-09
0.28 2.17515e-09
0.285 2.21217e-09
0.29 2.24915e-09
0.295 2.2861e-09
0.3 2.323e-09
0.305 2.35986e-09
0.31 2.39669e-09
0.315 2.43347e-09
0.32 2.47022e-09
0.325 2.50693e-09
0.33 2.5436e-09
0.335 2.58022e-09
0.34 2.61681e-09
0.345 2.65336e-09
0.35 2.68987e-09
0.355 2.72635e-09
0.36 2.76278e-09
0.365 2.79917e-09
0.37 2.83553e-09
0.375 2.87184e-09
0.38 2.90811e-09
0.385 2.94435e-09
0.39 2.98055e-09
0.395 3.0167e-09
0.4 3.05282e-09
0.405 3.0889e-09
0.41 3.12494e-09
0.415 3.16094e-09
0.42 3.1969e-09
0.425 3.23282e-09
0.43 3.2687e-09
0.435 3.30455e-09
0.44 3.34035e-09
0.445 3.37612e-09
0.45 3.41184e-09
0.455 3.44753e-09
0.46 3.48317e-09
0.465 3.51878e-09
0.47 3.55435e-09
0.475 3.58988e-09
0.48 3.62537e-09
0.485 3.66082e-09
0.49 3.69623e-09
0.495 3.7316e-09
0.5 3.76693e-09
0.505 3.80223e-09
0.51 3.83748e-09
0.515 3.87269e-09
0.52 3.90787e-09
0.525 3.943e-09
0.53 3.9781e-09
0.535 4.01316e-09
0.54 4.04818e-09
0.545 4.08316e-09
0.55 4.1181e-09
0.555 4.153e-09
0.56 4.18786e-09
0.565 4.22268e-09
0.57 4.25746e-09
0.575 4.2922e-09
0.58 4.32691e-09
0.585 4.36157e-09
0.59 4.3962e-09
0.595 4.43078e-09
0.6 4.46533e-09
0.605 4.49984e-09
0.61 4.53431e-09
0.615 4.56874e-09
0.62 4.60313e-09
0.625 4.63748e-09
0.63 4.67179e-09
0.635 4.70606e-09
0.64 4.74029e-09
0.645 4.77448e-09
0.65 4.80864e-09
0.655 4.84275e-09
0.66 4.87683e-09
0.665 4.91086e-09
0.67 4.94486e-09
0.675 4.97882e-09
0.68 5.01274e-09
0.685 5.04662e-09
0.69 5.08046e-09
0.695 5.11426e-09
0.7 5.14802e-09
0.705 5.18174e-09
0.71 5.21542e-09
0.715 5.24906e-09
0.72 5.28267e-09
0.725 5.31623e-09
0.73 5.34976e-09
0.735 5.38325e-09
0.74 5.41669e-09
0.745 5.4501e-09
0.75 5.48347e-09
0.755 5.5168e-09
0.76 5.55009e-09
0.765 5.58334e-09
0.77 5.61655e-09
0.775 5.64972e-09
0.78 5.68285e-09
0.785 5.71595e-09
0.79 5.749e-09
0.795 5.78202e-09
0.8 5.81499e-09
0.805 5.84793e-09
0.81 5.88082e-09
0.815 5.91368e-09
0.82 5.9465e-09
0.825 5.97928e-09
0.83 6.01202e-09
0.835 6.04472e-09
0.84 6.07738e-09
0.845 6.11e-09
0.85 6.14259e-09
0.855 6.17513e-09
0.86 6.20763e-09
0.865 6.2401e-09
0.87 6.27253e-09
0.875 6.30491e-09
0.88 6.33726e-09
0.885 6.36957e-09
0.89 6.40183e-09
0.895 6.43406e-09
0.9 6.46625e-09
0.905 6.4984e-09
0.91 6.53052e-09
0.915 6.56259e-09
0.92 6.59462e-09
0.925 6.62661e-09
0.93 6.65857e-09
0.935 6.69048e-09
0.94 6.72236e-09
0.945 6.7542e-09
0.95 6.78599e-09
0.955 6.81775e-09
0.96 6.84947e-09
0.965 6.88115e-09
0.97 6.91279e-09
0.975 6.94439e-09
0.98 6.97595e-09
0.985 7.00747e-09
0.99 7.03896e-09
0.995 7.0704e-09
1 7.1018e-09
1.005 7.13317e-09
1.01 7.1645e-09
1.015 7.19578e-09
1.02 7.22703e-09
1.025 7.25824e-09
1.03 7.28941e-09
1.035 7.32054e-09
1.04 7.35163e-09
1.045 7.38268e-09
1.05 7.41369e-09
1.055 7.44466e-09
1.06 7.47559e-09
1.065 7.50649e-09
1.07 7.53734e-09
1.075 7.56816e-09
1.08 7.59893e-09
1.085 7.62967e-09
1.09 7.66037e-09
1.095 7.69102e-09
1.1 7.72164e-09
1.105 7.75222e-09
1.11 7.78276e-09
1.115 7.81326e-09
1.12 7.84373e-09
1.125 7.87415e-09
1.13 7.90453e-09
1.135 7.93487e-09
1.14 7.96518e-09
1.145 7.99544e-09
1.15 8.02567e-09
1.155 8.05586e-09
1.16 8.086e-09
1.165 8.11611e-09
1.17 8.14618e-09
1.175 8.17621e-09
1.18 8.2062e-09
1.185 8.23615e-09
1.19 8.26606e-09
1.195 8.29594e-09
1.2 8.32577e-09
1.205 8.35556e-09
1.21 8.38532e-09
1.215 8.41503e-09
1.22 8.44471e-09
1.225 8.47435e-09
1.23 8.50394e-09
1.235 8.5335e-09
1.24 8.56302e-09
1.245 8.5925e-09
1.25 8.62194e-09
1.255 8.65134e-09
1.26 8.6807e-09
1.265 8.71003e-09
1.27 8.73931e-09
1.275 8.76855e-09
1.28 8.79776e-09
1.285 8.82692e-09
1.29 8.85605e-09
1.295 8.88514e-09
1.3 8.91418e-09
1.305 8.94319e-09
1.31 8.97216e-09
1.315 9.00109e-09
1.32 9.02998e-09
1.325 9.05883e-09
1.33 9.08764e-09
1.335 9.11642e-09
1.34 9.14515e-09
1.345 9.17384e-09
1.35 9.2025e-09
1.355 9.23111e-09
1.36 9.25969e-09
1.365 9.28823e-09
1.37 9.31673e-09
1.375 9.34518e-09
1.38 9.3736e-09
1.385 9.40198e-09
1.39 9.43032e-09
1.395 9.45862e-09
1.4 9.48689e-09
1.405 9.51511e-09
1.41 9.54329e-09
1.415 9.57144e-09
1.42 9.59954e-09
1.425 9.62761e-09
1.43 9.65563e-09
1.435 9.68362e-09
1.44 9.71157e-09
1.445 9.73948e-09
1.45 9.76735e-09
1.455 9.79518e-09
1.46 9.82297e-09
1.465 9.85072e-09
1.47 9.87843e-09
1.475 9.9061e-09
1.48 9.93374e-09
1.485 9.96133e-09
1.49 9.98888e-09
1.495 1.00164e-08
1.5 1.00439e-08
1.505 1.00713e-08
1.51 1.00987e-08
1.515 1.01261e-08
1.52 1.01534e-08
1.525 1.01807e-08
1.53 1.02079e-08
1.535 1.02351e-08
1.54 1.02623e-08
1.545 1.02894e-08
1.55 1.03165e-08
1.555 1.03435e-08
1.56 1.03705e-08
1.565 1.03975e-08
1.57 1.04244e-08
1.575 1.04513e-08
1.58 1.04782e-08
1.585 1.0505e-08
1.59 1.05317e-08
1.595 1.05585e-08
1.6 1.05852e-08
1.605 1.06118e-08
1.61 1.06384e-08
1.615 1.0665e-08
1.62 1.06915e-08
1.625 1.0718e-08
1.63 1.07445e-08
1.635 1.07709e-08
1.64 1.07973e-08
1.645 1.08236e-08
1.65 1.08499e-08
1.655 1.08762e-08
1.66 1.09024e-08
1.665 1.09286e-08
1.67 1.09547e-08
1.675 1.09808e-08
1.68 1.10069e-08
1.685 1.10329e-08
1.69 1.10589e-08
1.695 1.10848e-08
1.7 1.11107e-08
1.705 1.11366e-08
1.71 1.11624e-08
1.715 1.11882e-08
1.72 1.12139e-08
1.725 1.12397e-08
1.73 1.12653e-08
1.735 1.1291e-08
1.74 1.13165e-08
1.745 1.13421e-08
1.75 1.13676e-08
1.755 1.13931e-08
1.76 1.14185e-08
1.765 1.14439e-08
1.77 1.14693e-08
1.775 1.14946e-08
1.78 1.15199e-08
1.785 1.15451e-08
1.79 1.15703e-08
1.795 1.15955e-08
1.8 1.16206e-08
1.805 1.16457e-08
1.81 1.16707e-08
1.815 1.16957e-08
1.82 1.17207e-08
1.825 1.17456e-08
1.83 1.17705e-08
1.835 1.17953e-08
1.84 1.18201e-08
1.845 1.18449e-08
1.85 1.18696e-08
1.855 1.18943e-08
1.86 1.19189e-08
1.865 1.19436e-08
1.87 1.19681e-08
1.875 1.19927e-08
1.88 1.20171e-08
1.885 1.20416e-08
1.89 1.2066e-08
1.895 1.20904e-08
1.9 1.21147e-08
1.905 1.2139e-08
1.91 1.21633e-08
1.915 1.21875e-08
1.92 1.22117e-08
1.925 1.22358e-08
1.93 1.22599e-08
1.935 1.2284e-08
1.94 1.2308e-08
1.945 1.2332e-08
1.95 1.23559e-08
1.955 1.23798e-08
1.96 1.24037e-08
1.965 1.24275e-08
1.97 1.24513e-08
1.975 1.2475e-08
1.98 1.24987e-08
1.985 1.25224e-08
1.99 1.2546e-08
1.995 1.25696e-08
2 1.25931e-08
2.005 1.26167e-08
2.01 1.26401e-08
2.015 1.26636e-08
2.02 1.26869e-08
2.025 1.27103e-08
2.03 1.27336e-08
2.035 1.27569e-08
2.04 1.27801e-08
2.045 1.28033e-08
2.05 1.28265e-08
2.055 1.28496e-08
2.06 1.28727e-08
2.065 1.28957e-08
2.07 1.29187e-08
2.075 1.29417e-08
2.08 1.29646e-08
2.085 1.29875e-08
2.09 1.30103e-08
2.095 1.30331e-08
2.1 1.30559e-08
2.105 1.30786e-08
2.11 1.31013e-08
2.115 1.31239e-08
2.12 1.31465e-08
2.125 1.31691e-08
2.13 1.31916e-08
2.135 1.32141e-08
2.14 1.32366e-08
2.145 1.3259e-08
2.15 1.32813e-08
2.155 1.33037e-08
2.16 1.3326e-08
2.165 1.33482e-08
2.17 1.33704e-08
2.175 1.33926e-08
2.18 1.34147e-08
2.185 1.34368e-08
2.19 1.34589e-08
2.195 1.34809e-08
2.2 1.35029e-08
2.205 1.35248e-08
2.21 1.35467e-08
2.215 1.35686e-08
2.22 1.35904e-08
2.225 1.36122e-08
2.23 1.36339e-08
2.235 1.36556e-08
2.24 1.36773e-08
2.245 1.36989e-08
2.25 1.37205e-08
2.255 1.3742e-08
2.26 1.37635e-08
2.265 1.3785e-08
2.27 1.38064e-08
2.275 1.38278e-08
2.28 1.38492e-08
2.285 1.38705e-08
2.29 1.38917e-08
2.295 1.3913e-08
2.3 1.39342e-08
2.305 1.39553e-08
2.31 1.39764e-08
2.315 1.39975e-08
2.32 1.40185e-08
2.325 1.40395e-08
2.33 1.40605e-08
2.335 1.40814e-08
2.34 1.41023e-08
2.345 1.41231e-08
2.35 1.41439e-08
2.355 1.41647e-08
2.36 1.41854e-08
2.365 1.42061e-08
2.37 1.42267e-08
2.375 1.42473e-08
2.38 1.42679e-08
2.385 1.42884e-08
2.39 1.43089e-08
2.395 1.43293e-08
2.4 1.43497e-08
2.405 1.43701e-08
2.41 1.43904e-08
2.415 1.44107e-08
2.42 1.4431e-08
2.425 1.44512e-08
2.43 1.44714e-08
2.435 1.44915e-08
2.44 1.45116e-08
2.445 1.45316e-08
2.45 1.45516e-08
2.455 1.45716e-08
2.46 1.45916e-08
2.465 1.46115e-08
2.47 1.46313e-08
2.475 1.46511e-08
2.48 1.46709e-08
2.485 1.46906e-08
2.49 1.47103e-08
2.495 1.473e-08
2.5 1.47496e-08
2.505 1.47692e-08
2.51 1.47887e-08
2.515 1.48082e-08
2.52 1.48277e-08
2.525 1.48471e-08
2.53 1.48665e-08
2.535 1.48859e-08
2.54 1.49052e-08
2.545 1.49244e-08
2.55 1.49437e-08
2.555 1.49629e-08
2.56 1.4982e-08
2.565 1.50011e-08
2.57 1.50202e-08
2.575 1.50392e-08
2.58 1.50582e-08
2.585 1.50772e-08
2.59 1.50961e-08
2.595 1.51149e-08
2.6 1.51338e-08
2.605 1.51526e-08
2.61 1.51713e-08
2.615 1.519e-08
2.62 1.52087e-08
2.625 1.52274e-08
2.63 1.5246e-08
2.635 1.52645e-08
2.64 1.5283e-08
2.645 1.53015e-08
2.65 1.532e-08
2.655 1.53384e-08
2.66 1.53567e-08
2.665 1.53751e-08
2.67 1.53933e-08
2.675 1.54116e-08
2.68 1.54298e-08
2.685 1.5448e-08
2.69 1.54661e-08
2.695 1.54842e-08
2.7 1.55022e-08
2.705 1.55202e-08
2.71 1.55382e-08
2.715 1.55561e-08
2.72 1.5574e-08
2.725 1.55919e-08
2.73 1.56097e-08
2.735 1.56275e-08
2.74 1.56452e-08
2.745 1.56629e-08
2.75 1.56806e-08
2.755 1.56982e-08
2.76 1.57158e-08
2.765 1.57333e-08
2.77 1.57508e-08
2.775 1.57682e-08
2.78 1.57857e-08
2.785 1.58031e-08
2.79 1.58204e-08
2.795 1.58377e-08
2.8 1.5855e-08
2.805 1.58722e-08
2.81 1.58894e-08
2.815 1.59065e-08
2.82 1.59236e-08
2.825 1.59407e-08
2.83 1.59577e-08
2.835 1.59747e-08
2.84 1.59917e-08
2.845 1.60086e-08
2.85 1.60254e-08
2.855 1.60423e-08
2.86 1.60591e-08
2.865 1.60758e-08
2.87 1.60925e-08
2.875 1.61092e-08
2.88 1.61258e-08
2.885 1.61424e-08
2.89 1.6159e-08
2.895 1.61755e-08
2.9 1.6192e-08
2.905 1.62084e-08
2.91 1.62248e-08
2.915 1.62412e-08
2.92 1.62575e-08
2.925 1.62738e-08
2.93 1.629e-08
2.935 1.63062e-08
2.94 1.63224e-08
2.945 1.63385e-08
2.95 1.63546e-08
2.955 1.63706e-08
2.96 1.63867e-08
2.965 1.64026e-08
2.97 1.64185e-08
2.975 1.64344e-08
2.98 1.64503e-08
2.985 1.64661e-08
2.99 1.64819e-08
2.995 1.64976e-08
3 1.65133e-08
3.005 1.65289e-08
3.01 1.65446e-08
3.015 1.65601e-08
3.02 1.65757e-08
3.025 1.65912e-08
3.03 1.66066e-08
3.035 1.6622e-08
3.04 1.66374e-08
3.045 1.66528e-08
3.05 1.66681e-08
3.055 1.66833e-08
3.06 1.66985e-08
3.065 1.67137e-08
3.07 1.67289e-08
3.075 1.6744e-08
3.08 1.6759e-08
3.085 1.67741e-08
3.09 1.6789e-08
3.095 1.6804e-08
3.1 1.68189e-08
3.105 1.68338e-08
3.11 1.68486e-08
3.115 1.68634e-08
3.12 1.68781e-08
3.125 1.68928e-08
3.13 1.69075e-08
3.135 1.69221e-08
3.14 1.69367e-08
3.145 1.69513e-08
3.15 1.69658e-08
3.155 1.69803e-08
3.16 1.69947e-08
3.165 1.70091e-08
3.17 1.70235e-08
3.175 1.70378e-08
3.18 1.70521e-08
3.185 1.70663e-08
3.19 1.70805e-08
3.195 1.70947e-08
3.2 1.71088e-08
3.205 1.71229e-08
3.21 1.71369e-08
3.215 1.71509e-08
3.22 1.71649e-08
3.225 1.71788e-08
3.23 1.71927e-08
3.235 1.72065e-08
3.24 1.72203e-08
3.245 1.72341e-08
3.25 1.72478e-08
3.255 1.72615e-08
3.26 1.72752e-08
3.265 1.72888e-08
3.27 1.73023e-08
3.275 1.73159e-08
3.28 1.73294e-08
3.285 1.73428e-08
3.29 1.73562e-08
3.295 1.73696e-08
3.3 1.7383e-08
3.305 1.73962e-08
3.31 1.74095e-08
3.315 1.74227e-08
3.32 1.74359e-08
3.325 1.7449e-08
3.33 1.74621e-08
3.335 1.74752e-08
3.34 1.74882e-08
3.345 1.75012e-08
3.35 1.75141e-08
3.355 1.75271e-08
3.36 1.75399e-08
3.365 1.75527e-08
3.37 1.75655e-08
3.375 1.75783e-08
3.38 1.7591e-08
3.385 1.76036e-08
3.39 1.76163e-08
3.395 1.76289e-08
3.4 1.76414e-08
3.405 1.76539e-08
3.41 1.76664e-08
3.415 1.76788e-08
3.42 1.76912e-08
3.425 1.77036e-08
3.43 1.77159e-08
3.435 1.77282e-08
3.44 1.77404e-08
3.445 1.77526e-08
3.45 1.77648e-08
3.455 1.77769e-08
3.46 1.77889e-08
3.465 1.7801e-08
3.47 1.7813e-08
3.475 1.78249e-08
3.48 1.78369e-08
3.485 1.78488e-08
3.49 1.78606e-08
3.495 1.78724e-08
3.5 1.78842e-08
3.505 1.78959e-08
3.51 1.79076e-08
3.515 1.79192e-08
3.52 1.79308e-08
3.525 1.79424e-08
3.53 1.79539e-08
3.535 1.79654e-08
3.54 1.79769e-08
3.545 1.79883e-08
3.55 1.79996e-08
3.555 1.8011e-08
3.56 1.80223e-08
3.565 1.80335e-08
3.57 1.80447e-08
3.575 1.80559e-08
3.58 1.80671e-08
3.585 1.80781e-08
3.59 1.80892e-08
3.595 1.81002e-08
3.6 1.81112e-08
3.605 1.81221e-08
3.61 1.8133e-08
3.615 1.81439e-08
3.62 1.81547e-08
3.625 1.81655e-08
3.63 1.81763e-08
3.635 1.8187e-08
3.64 1.81976e-08
3.645 1.82082e-08
3.65 1.82188e-08
3.655 1.82294e-08
3.66 1.82399e-08
3.665 1.82504e-08
3.67 1.82608e-08
3.675 1.82712e-08
3.68 1.82815e-08
3.685 1.82918e-08
3.69 1.83021e-08
3.695 1.83123e-08
3.7 1.83225e-08
3.705 1.83327e-08
3.71 1.83428e-08
3.715 1.83529e-08
3.72 1.83629e-08
3.725 1.83729e-08
3.73 1.83829e-08
3.735 1.83928e-08
3.74 1.84027e-08
3.745 1.84125e-08
3.75 1.84223e-08
3.755 1.84321e-08
3.76 1.84418e-08
3.765 1.84515e-08
3.77 1.84611e-08
3.775 1.84707e-08
3.78 1.84803e-08
3.785 1.84898e-08
3.79 1.84993e-08
3.795 1.85087e-08
3.8 1.85181e-08
3.805 1.85275e-08
3.81 1.85368e-08
3.815 1.85461e-08
3.82 1.85554e-08
3.825 1.85646e-08
3.83 1.85738e-08
3.835 1.85829e-08
3.84 1.8592e-08
3.845 1.8601e-08
3.85 1.86101e-08
3.855 1.8619e-08
3.86 1.8628e-08
3.865 1.86369e-08
3.87 1.86457e-08
3.875 1.86545e-08
3.88 1.86633e-08
3.885 1.86721e-08
3.89 1.86808e-08
3.895 1.86894e-08
3.9 1.8698e-08
3.905 1.87066e-08
3.91 1.87152e-08
3.915 1.87237e-08
3.92 1.87321e-08
3.925 1.87406e-08
3.93 1.8749e-08
3.935 1.87573e-08
3.94 1.87656e-08
3.945 1.87739e-08
3.95 1.87821e-08
3.955 1.87903e-08
3.96 1.87984e-08
3.965 1.88066e-08
3.97 1.88146e-08
3.975 1.88227e-08
3.98 1.88307e-08
3.985 1.88386e-08
3.99 1.88465e-08
3.995 1.88544e-08
4 1.88622e-08
4.005 1.887e-08
4.01 1.88778e-08
4.015 1.88855e-08
4.02 1.88932e-08
4.025 1.89008e-08
4.03 1.89084e-08
4.035 1.8916e-08
4.04 1.89235e-08
4.045 1.8931e-08
4.05 1.89384e-08
4.055 1.89458e-08
4.06 1.89532e-08
4.065 1.89605e-08
4.07 1.89678e-08
4.075 1.89751e-08
4.08 1.89823e-08
4.085 1.89894e-08
4.09 1.89966e-08
4.095 1.90037e-08
4.1 1.90107e-08
4.105 1.90177e-08
4.11 1.90247e-08
4.115 1.90316e-08
4.12 1.90385e-08
4.125 1.90454e-08
4.13 1.90522e-08
4.135 1.9059e-08
4.14 1.90657e-08
4.145 1.90724e-08
4.15 1.90791e-08
4.155 1.90857e-08
4.16 1.90923e-08
4.165 1.90988e-08
4.17 1.91053e-08
4.175 1.91118e-08
4.18 1.91182e-08
4.185 1.91246e-08
4.19 1.91309e-08
4.195 1.91372e-08
4.2 1.91435e-08
4.205 1.91497e-08
4.21 1.91559e-08
4.215 1.9162e-08
4.22 1.91681e-08
4.225 1.91742e-08
4.23 1.91802e-08
4.235 1.91862e-08
4.24 1.91922e-08
4.245 1.91981e-08
4.25 1.9204e-08
4.255 1.92098e-08
4.26 1.92156e-08
4.265 1.92214e-08
4.27 1.92271e-08
4.275 1.92327e-08
4.28 1.92384e-08
4.285 1.9244e-08
4.29 1.92495e-08
4.295 1.92551e-08
4.3 1.92605e-08
4.305 1.9266e-08
4.31 1.92714e-08
4.315 1.92767e-08
4.32 1.92821e-08
4.325 1.92873e-08
4.33 1.92926e-08
4.335 1.92978e-08
4.34 1.9303e-08
4.345 1.93081e-08
4.35 1.93132e-08
4.355 1.93182e-08
4.36 1.93232e-08
4.365 1.93282e-08
4.37 1.93331e-08
4.375 1.9338e-08
4.38 1.93429e-08
4.385 1.93477e-08
4.39 1.93525e-08
4.395 1.93572e-08
4.4 1.93619e-08
4.405 1.93665e-08
4.41 1.93711e-08
4.415 1.93757e-08
4.42 1.93803e-08
4.425 1.93848e-08
4.43 1.93892e-08
4.435 1.93936e-08
4.44 1.9398e-08
4.445 1.94024e-08
4.45 1.94067e-08
4.455 1.94109e-08
4.46 1.94151e-08
4.465 1.94193e-08
4.47 1.94235e-08
4.475 1.94276e-08
4.48 1.94316e-08
4.485 1.94357e-08
4.49 1.94397e-08
4.495 1.94436e-08
4.5 1.94475e-08
4.505 1.94514e-08
4.51 1.94552e-08
4.515 1.9459e-08
4.52 1.94627e-08
4.525 1.94665e-08
4.53 1.94701e-08
4.535 1.94738e-08
4.54 1.94774e-08
4.545 1.94809e-08
4.55 1.94844e-08
4.555 1.94879e-08
4.56 1.94913e-08
4.565 1.94947e-08
4.57 1.94981e-08
4.575 1.95014e-08
4.58 1.95047e-08
4.585 1.95079e-08
4.59 1.95111e-08
4.595 1.95143e-08
4.6 1.95174e-08
4.605 1.95205e-08
4.61 1.95236e-08
4.615 1.95266e-08
4.62 1.95295e-08
4.625 1.95325e-08
4.63 1.95353e-08
4.635 1.95382e-08
4.64 1.9541e-08
4.645 1.95438e-08
4.65 1.95465e-08
4.655 1.95492e-08
4.66 1.95518e-08
4.665 1.95544e-08
4.67 1.9557e-08
4.675 1.95596e-08
4.68 1.9562e-08
4.685 1.95645e-08
4.69 1.95669e-08
4.695 1.95693e-08
4.7 1.95716e-08
4.705 1.95739e-08
4.71 1.95762e-08
4.715 1.95784e-08
4.72 1.95806e-08
4.725 1.95827e-08
4.73 1.95848e-08
4.735 1.95869e-08
4.74 1.95889e-08
4.745 1.95909e-08
4.75 1.95928e-08
4.755 1.95947e-08
4.76 1.95966e-08
4.765 1.95984e-08
4.77 1.96002e-08
4.775 1.9602e-08
4.78 1.96037e-08
4.785 1.96054e-08
4.79 1.9607e-08
4.795 1.96086e-08
4.8 1.96101e-08
4.805 1.96116e-08
4.81 1.96131e-08
4.815 1.96145e-08
4.82 1.96159e-08
4.825 1.96173e-08
4.83 1.96186e-08
4.835 1.96199e-08
4.84 1.96211e-08
4.845 1.96223e-08
4.85 1.96235e-08
4.855 1.96246e-08
4.86 1.96257e-08
4.865 1.96267e-08
4.87 1.96277e-08
4.875 1.96287e-08
4.88 1.96296e-08
4.885 1.96305e-08
4.89 1.96313e-08
4.895 1.96321e-08
4.9 1.96329e-08
4.905 1.96336e-08
4.91 1.96343e-08
4.915 1.9635e-08
4.92 1.96356e-08
4.925 1.96362e-08
4.93 1.96367e-08
4.935 1.96372e-08
4.94 1.96376e-08
4.945 1.9638e-08
4.95 1.96384e-08
4.955 1.96387e-08
4.96 1.9639e-08
4.965 1.96393e-08
4.97 1.96395e-08
4.975 1.96397e-08
4.98 1.96398e-08
4.985 1.96399e-08
4.99 1.964e-08
4.995 1.964e-08
